0.206459 0.129568 0.105234 -0.082644 0.214997 0.992730 0.278288 0.858660 0.814376 0.284321 0.154043 0.320105 0.844149 0.134327 0.065997 0.255755 0.873812 0.711205 0.167211 0.693901 0.133731 0.461379 0.006637 0.396578 0.879265 0.714106 0.435269 0.217512 -0.574031 0.630218
0.685622 0.900755 0.696096 0.592391 0.686446 0.305578 0.161856 0.748571 0.932868 0.224990 0.622025 0.743507 0.230123 0.977614 0.244411 0.467869 0.719868 0.786265 0.481626 0.826088 0.216839 0.127465 0.870452 0.511643 0.872630 0.530726 0.127124 0.622835 0.807718 0.964177
0.351762 0.208332 0.647134 0.079728 0.788607 0.093004 0.499057 0.695045 0.929770 0.710581 0.459933 0.012249 0.247024 0.629755 0.427183 0.229996 0.161524 0.231700 0.491697 0.372242 0.379959 0.701629 0.727648 0.267776 0.905737 0.159880 0.998068 0.610195 0.865005 0.974258
0.988195 0.917441 0.246673 0.030875 0.626334 0.141917 0.694755 0.681322 0.941619 0.380298 0.743498 0.877611 0.039419 0.209310 0.211447 0.435656 0.850847 0.316602 0.950444 0.454702 0.216405 0.536402 0.082797 0.557474 0.674665 0.817526 0.760627 0.125233 0.301328 0.654016
0.378403 0.337550 0.918331 0.599606 0.051165 0.056269 0.238746 0.285101 0.593797 0.114184 0.046693 0.148125 0.776361 0.445033 0.407320 0.758027 0.092012 0.222267 0.076606 0.189506 0.941903 0.871275 0.999106 0.524602 0.697081 0.590749 0.805036 0.011727 0.589161 0.418133
0.601602 0.928351 0.238115 0.382653 0.989371 0.919376 0.409676 0.378208 0.884754 0.767079 0.694008 0.681383 0.119167 0.575482 0.734463 0.405207 0.978585 0.288151 0.826005 0.592529 0.026499 0.557345 0.862871 0.930801 0.427950 0.293181 0.830246 0.502704 0.176195 0.983208
0.008791 0.059133 0.889554 0.474500 0.252060 0.079856 0.746692 0.012816 0.548438 0.681497 0.327462 0.489040 0.871792 0.002183 0.678671 0.138384 0.908541 0.745289 0.852037 0.666752 0.828905 0.540908 0.682926 0.300004 0.637916 0.443106 0.055580 0.526029 0.452959 0.887014
0.562293 0.954777 0.118152 0.502195 0.040816 0.639499 0.252018 0.201445 0.136616 0.484295 0.869210 0.830336 0.031218 0.203878 0.980535 0.401413 0.874633 0.334325 0.235138 0.968831 0.136732 0.586349 0.185884 0.665321 0.440541 0.165236 0.988594 0.612248 0.061474 0.279942
0.414772 0.051488 0.698674 0.890346 0.783656 0.591043 0.414068 0.413080 0.095264 0.287232 0.190487 0.552064 0.241706 0.275094 0.252264 0.113038 0.706345 0.716274 0.762680 0.699931 0.920892 0.107878 0.959350 0.828229 0.512089 0.901997 0.585574 0.655259 0.158849 0.801272
0.373857 0.253974 0.622360 0.245637 0.022656 0.692161 0.067362 0.238761 0.369975 0.091334 0.906706 0.256099 0.239473 0.925625 0.921278 0.149114 0.927145 0.412922 0.839598 0.412562 0.150890 0.070694 0.281052 0.450391 0.747724 0.700334 0.739712 0.818019 0.057066 0.301004
0.440763 0.650461 0.367277 0.951855 0.863115 0.754574 0.144549 0.568060 0.839956 0.944482 0.757388 0.699488 0.761410 0.736277 0.959759 0.088468 0.892686 0.351503 0.408444 0.635322 0.287414 0.436681 0.017615 0.915964 0.704278 0.656865 0.654081 0.126205 0.756202 0.543978
0.180545 0.794155 0.647159 0.418604 0.509085 0.020580 0.791434 0.729344 0.089165 0.824999 0.562661 0.568641 0.038736 0.603731 0.030146 0.145020 0.959497 0.924297 0.994978 0.535692 0.977905 0.364614 0.123966 0.883280 0.443590 0.804359 0.386857 0.473411 0.494336 0.382926
0.327741 0.472991 0.388567 0.648826 0.434703 0.822821 0.804601 0.254211 0.429303 0.512997 0.569787 0.649719 0.198109 0.237719 0.840387 0.915416 0.982419 0.201694 0.663077 0.759638 0.034628 0.210682 0.413427 0.086783 0.090224 0.417267 0.570003 0.280668 0.011591 0.757512
0.012443 0.567714 0.157032 0.546488 0.046609 0.735259 0.715945 0.757137 0.122499 0.915580 0.559158 0.637374 0.906274 0.771866 0.989264 0.253241 0.247754 0.572203 0.823654 0.370482 0.921755 0.674599 0.474654 0.300018 0.640988 0.850046 0.460648 0.467703 0.414519 0.856923
0.855025 0.081802 0.093276 0.863441 0.922994 0.865326 0.480590 0.312740 0.806203 0.023165 0.596773 0.514790 0.111653 0.118137 0.035027 0.449028 0.637643 0.477657 0.919041 0.763803 0.587131 0.189946 0.846993 0.776355 0.217992 0.098392 0.039126 0.519125 0.075346 0.281918
0.371424 0.466988 0.355339 0.100377 0.260877 0.604076 0.227305 0.921919 0.287832 0.551019 0.630251 0.919623 0.641947 0.611203 0.441573 0.098325 0.491923 0.834060 0.714687 0.929532 0.450222 0.390045 0.705562 0.239360 0.223673 0.323827 0.404604 0.139360 0.925749 0.708081
0.563876 0.276862 0.466111 0.807621 0.209950 0.929657 0.848388 0.069939 0.003993 0.915960 0.148853 0.842700 0.482366 0.245054 0.624069 0.673308 0.101187 0.849424 0.477285 0.470192 0.608302 0.855147 0.772119 0.246806 0.402496 0.339883 0.305666 0.493170 0.812273 0.812980
0.505078 0.965364 0.299043 0.048166 0.687970 0.379232 0.107496 0.869385 0.773544 0.588046 0.826397 0.967493 0.775567 0.191166 0.534271 0.525347 0.860301 0.033032 0.436852 0.141281 0.255429 0.696560 0.271584 0.157424 0.598759 0.641677 0.434578 0.071171 0.985039 0.605782
0.624298 0.533597 0.295023 0.540397 0.393750 0.548672 0.151652 0.556482 0.236601 0.978461 0.073061 0.112916 0.986485 0.413203 0.994703 0.918785 0.526563 0.008222 0.969829 0.002513 0.975784 0.002883 0.531281 0.322555 0.794555 0.815955 0.711299 0.780745 0.311486 0.879018
0.222095 0.285811 0.614954 0.847674 0.926003 0.324551 0.068314 0.941568 0.281076 0.075255 0.144608 0.124662 0.149990 0.648127 0.043976 0.810593 0.381286 0.857173 0.556085 0.759122 0.415691 0.123271 0.508911 0.622250 0.529664 0.740960 0.182377 0.515700 0.514421 0.607746
0.168931 0.166450 0.984185 0.378204 0.891924 0.111674 0.328221 0.726944 0.646583 0.186472 0.008422 0.635788 0.660208 0.842866 0.102114 0.896140 0.105450 0.383524 0.436223 0.123545 0.805312 0.949399 0.278185 0.262601 0.357773 0.672120 0.369190 0.995524 0.851120 0.765529
