0.336451 0.770969 0.173837 0.310091 33.470005 0.277289 0.925650 0.597248 0.327130 0.079581 0.476563 0.251039 0.303673 0.415310 0.492014 0.398485 0.139776 0.467498 0.511838 0.908592 0.212050 0.221611 0.302587 0.084812 0.691488 0.465011 0.751282 0.874493 0.525926 0.318886
0.292019 0.251833 0.740926 0.328272 0.819411 0.662910 0.222749 0.449737 0.955710 0.747782 0.790769 0.869845 0.782605 0.900079 0.208343 0.940978 0.376235 0.499644 0.703384 0.594358 0.888613 0.521961 0.009643 0.468882 0.533947 0.578830 0.377899 0.784795 0.732400 0.401186
0.222338 0.656596 0.281760 0.123870 0.168984 0.548762 0.256599 0.433588 0.673684 0.341162 0.324867 0.970295 0.967330 0.025266 0.103472 0.709004 0.542290 0.155754 0.956270 0.220560 0.453155 0.497990 0.175807 0.982710 0.151499 0.023367 0.974804 0.635974 0.484980 0.629473
0.316292 0.351898 0.510382 0.088080 0.513009 0.722947 0.861958 0.951338 0.142480 0.019964 0.067814 0.496227 0.356182 0.738318 0.531378 0.314165 0.946508 0.396246 0.443037 0.923915 0.001807 0.934666 0.600287 0.922942 0.901993 0.277082 0.321827 0.162293 0.909186 0.134064
0.030288 0.381228 0.998302 0.122269 0.484361 0.149849 0.640197 0.010181 0.368494 0.364290 0.464466 0.333743 0.933016 0.154157 0.711993 0.943505 0.612353 0.308298 0.271642 0.811822 0.674187 0.354199 0.935284 0.041340 0.006794 0.474461 0.557135 0.981760 0.560210 0.697798
0.379186 0.709532 0.104098 0.032828 0.226738 0.082049 0.882178 0.715694 0.532391 0.362429 0.675320 0.201574 0.121865 0.813207 0.846956 0.455594 0.639698 0.967746 0.497512 0.797892 0.496992 0.620372 0.208530 0.515258 0.276005 0.149557 0.728399 0.506044 0.431952 0.423225
0.545184 0.714711 0.249552 0.229218 0.562330 0.681122 0.743190 0.792349 0.232647 0.406458 0.918685 0.883367 0.365192 0.088583 0.376529 0.873755 0.684466 0.716052 0.811979 0.820689 0.068865 0.482978 0.607658 0.076015 0.813087 0.587371 0.006543 0.174994 0.796633 0.858786
0.278303 0.583282 0.800657 0.842240 0.206181 0.882537 0.872897 0.994284 0.069210 0.513801 0.154494 0.703426 0.482324 0.007374 0.884088 0.067923 0.610068 0.529138 0.232765 0.200666 0.340519 0.303950 0.570585 0.261125 0.481711 0.865783 0.096369 0.515404 0.126523 0.617367
0.176558 0.507716 0.940479 0.416919 0.174452 0.967134 0.605594 0.957849 0.614335 0.657341 0.433559 0.523114 0.740812 0.974877 0.648776 0.216162 0.883807 0.433173 0.959308 0.895582 0.118669 0.642757 0.489430 0.269477 0.089464 0.219391 0.387098 0.941731 0.474980 0.382100
0.802861 0.792840 0.210293 0.416655 0.719799 0.903412 0.421456 0.091945 0.205846 0.779462 0.022572 0.271164 0.683426 0.581870 0.844968 0.309585 0.432906 0.829861 0.870746 0.613787 0.749009 0.077128 0.604179 0.951985 0.272688 0.260899 0.416425 0.182094 0.026208 0.753011
0.977711 0.947744 0.757284 0.393588 0.581643 0.305564 0.742619 0.823285 0.470684 0.256117 0.217405 0.044216 0.905798 0.022140 0.040458 0.758688 0.062987 0.312226 0.691338 0.378240 0.587266 0.945242 0.125224 0.800926 0.084564 0.542978 0.598654 0.898517 0.860339 0.315481
0.432637 0.769967 0.182804 0.684543 0.031697 0.728059 0.179122 0.193829 0.322574 0.570055 0.940039 0.762290 0.426347 0.532754 0.664918 0.456944 0.687807 0.506191 0.686040 0.930955 0.782519 0.958036 0.794145 0.570675 0.984680 0.100382 0.771207 0.229711 0.746104 0.819214
0.972958 0.314979 0.770225 0.391844 0.259868 0.149614 0.869250 0.171129 0.491214 0.825209 0.788226 0.790333 0.553422 0.446287 0.071292 0.290147 0.590288 0.878476 0.754443 0.358822 0.421750 0.815300 0.478063 0.973076 0.782863 0.280031 0.214068 0.835869 0.795803 0.398703
0.056196 0.911264 0.023313 0.054960 0.124759 0.881442 0.468136 0.199292 0.462276 0.990029 0.208104 0.772183 0.004120 0.290595 0.698465 0.671129 0.528332 0.400139 0.339030 0.681350 0.008647 0.752736 0.879593 0.397289 0.540524 0.684011 0.290399 0.104758 0.186001 0.886120
0.180489 0.567477 0.924370 0.732501 0.402868 0.459748 0.693671 0.189794 0.045058 0.748805 0.365652 0.044033 0.802379 0.075011 0.513510 0.105930 0.952731 0.845089 0.660696 0.940301 0.791573 0.198525 0.307034 0.966329 0.418438 0.119523 0.014418 0.788619 0.425746 0.714424
0.750158 0.548770 0.510180 0.546264 0.008909 0.388723 0.371017 0.580725 0.164433 0.245080 0.720769 0.811420 0.567407 0.816320 0.193218 0.153977 0.109053 0.143379 0.543928 0.816325 0.205836 0.890351 0.273717 0.975749 0.586985 0.829359 0.384967 0.390050 0.690425 0.824522
0.971761 0.449508 0.609354 0.470300 0.557674 0.264908 0.470551 0.375499 0.482560 0.016419 0.981766 0.101624 0.773509 0.700742 0.940319 0.226580 0.084327 0.072944 0.255833 0.137840 0.484242 0.033956 0.991074 0.486721 0.397040 0.304642 0.303527 0.105659 0.985809 0.147331
0.534840 0.325150 0.763403 0.110819 0.548688 0.413791 0.025508 0.179127 0.195607 0.551243 0.381011 0.516195 0.162771 0.554197 0.211964 0.559903 0.239965 0.665270 0.113279 0.993343 0.075001 0.417557 0.727841 0.014524 0.987486 0.910550 0.944538 0.334693 0.727780 0.212782
0.136289 0.305222 0.231633 0.185829 0.963647 0.048033 0.685179 0.429096 0.425648 0.858578 0.748932 0.427846 0.529720 0.961713 0.399287 0.738800 0.505197 0.357155 0.739619 0.314882 0.348029 0.911794 0.679139 0.440439 0.580375 0.401357 0.835373 0.147396 0.543476 0.590705
0.391341 0.269757 0.004413 0.232417 0.330470 0.321920 0.206042 0.146596 0.008931 0.554316 0.465373 0.138864 0.147538 0.879494 0.267144 0.492663 0.095567 0.484421 0.908118 0.419133 0.080785 0.618661 0.258209 0.056428 0.543251 0.098264 0.342338 0.361217 0.889536 0.202775
0.049598 0.055233 0.043126 0.804040 0.600281 0.502166 0.711461 0.082511 0.203085 0.440386 0.231552 0.187697 0.527873 0.932678 0.078378 0.319013 0.365248 0.382939 0.302430 0.927921 0.233900 0.856415 0.547873 0.273224 0.181973 0.780921 0.747930 0.298866 0.372947 0.592757
